                          nvars  nbinvars  nintvars   ncons  nnlfunc   DICOPT-noFP solver-status
blend029                     102        36         0     213       12   10.01   3
blend146                     222        87         0     624       24   10.014   3
blend480                     312       124         0     884       32   10.053   3
blend531                     272       104         0     736       32   10.016   3
blend718                     222        87         0     606       24   10.019   3
blend721                     222        87         0     627       24   10.053   3
blend852                     304       120         0     860       32   10.021   3
cecil_13                     840       180         0     898      180   10.018   3
chp_partload                2248        45         0    2516      490   10.086   3
contvar                      296        88         0     284      120   4.492   1
crudeoil_lee3_10            2560       140         0    5821      980   10.007   3
crudeoil_lee4_05            1955        95         0    4241      760   3.824   1
crudeoil_lee4_06            2346       114         0    5093      912   5.885   1
crudeoil_lee4_07            2737       133         0    5965     1064   10.018   3
crudeoil_lee4_08            3128       152         0    6857     1216   10.022   3
crudeoil_lee4_09            3519       171         0    7769     1368   10.017   3
crudeoil_lee4_10            3910       190         0    8701     1520   10.008   3
crudeoil_li01                344        48         0     695       56   10.008   3
crudeoil_li03                964       132         0    2442      192   10.034   3
crudeoil_li05                940       132         0    1916      192   10.016   3
crudeoil_li06                964       132         0    2436      192   10.019   3
crudeoil_li11               1177       180         0    3505      192   10.023   3
crudeoil_li21               1348       216         0    4681      192   10.028   3
csched2                      401       308         0     138        1   10.007   3
csched2a                     232       140         0     137        1   10.007   3
deb6                         475        20         0     507      252   2.426   1
deb7                         813        20         0     897      426   10.004   3
deb8                         823        20         0     897      426   10.001   3
deb9                         813        20         0     917      426   10.009   3
dosemin2d                    165        32         0     118       85   2.963   1
dosemin3d                   1046        18         0    1002      491   10.155   3
edgecross24-057              553       552         0    8097        1   1.091   1
eg_disc2_s                     8         0         3      28       28   3.729   1
eg_disc_s                      8         0         4      28       28   1.589   1
eg_int_s                       8         0         3      28       28   2.429   1
faclay33                     529       528         0   10913        1   1.337   1
faclay35                     596       595         0   13091        1   1.101   1
faclay60                    1771      1770         0   68441        1   6.204   1
faclay70                    2416      2415         0  109481        1   41.073   3
faclay75                    2776      2775         0  135051        1   163.699   3
faclay80                    3161      3160         0  164321        1   13.702   3
fin2bb                       588       175         0     618       21   10.005   3
fuzzy                        896       120         0    1056       19   10.02   3
gams02                     12688        96         0   14608      865   3.058   1
gams03                      2400       400      2000    1020        1   1.704   1
gasprod_sarawak16           1526        38         0    2252      544   2.222   1
gasprod_sarawak81           7571        38         0   11092     2754   10.014   3
gastrans                     106        21         0     149       24   9.283   1
gastrans135                 1193         0       232    2472      510   4.932   1
gastrans582_cold13          2186         0       250    3732      909   10.002   3
gastrans582_cold13_95       2186         0       250    3732      909   10.002   3
gastrans582_cold17          2186         0       250    3732      909   7.641   1
gastrans582_cold17_95       2186         0       250    3732      909   7.641   1
gastrans582_cool12          2186         0       250    3732      909   8.743   1
gastrans582_cool12_95       2186         0       250    3732      909   8.743   1
gastrans582_cool14          2186         0       250    3732      909   10.038   3
gastrans582_cool14_95       2186         0       250    3732      909   10.038   3
gastrans582_freezing27      2186         0       250    3732      909   10.054   3
gastrans582_freezing27_95   2186         0       250    3732      909   10.054   3
gastrans582_freezing30      2186         0       250    3732      909   10.008   3
gastrans582_freezing30_95   2186         0       250    3732      909   10.008   3
gastrans582_mild10          2186         0       250    3732      909   10.008   3
gastrans582_mild10_95       2186         0       250    3732      909   10.008   3
gastrans582_mild11          2186         0       250    3732      909   10.002   3
gastrans582_mild11_95       2186         0       250    3732      909   10.002   3
gastrans582_warm15          2186         0       250    3732      909   10.004   3
gastrans582_warm15_95       2186         0       250    3732      909   10.004   3
gastrans582_warm31          2186         0       250    3732      909   9.283   1
gastrans582_warm31_95       2186         0       250    3732      909   9.283   1
hda                          722        13         0     718      148   1.422   1
heatexch_gen3                580        60         0     510      241   2.138   1
hvb11                       9817      9537         0   10251       17   35.577   3
lop97ic                     1753         0      1662      91       40   10.008   3
lop97icx                     986         0       899      87       40   10.008   3
mbtd                         210       200         0      70       20   10.005   3
milinfract                  1000       500         0     501        1   2.264   1
multiplants_mtg5             191        78         0     309       49   1.194   1
multiplants_mtg6             350       176         0     481       65   10.01   3
multiplants_stg1             415       198         0     262       34   5.419   1
multiplants_stg1a            424       216         0     250       25   3.699   1
multiplants_stg1b            476       243         0     280       28   10.011   3
multiplants_stg1c            477       252         0     270       22   5.419   1
multiplants_stg5             451       216         0     299       25   5.878   1
multiplants_stg6             694       384         0     388       33   5.262   1
nuclear104                 23813     10816         0   14245     3221   10.252   3
nuclear10a                 13010     10920         0    3339     3130   1.797   1
nuclear10b                 23826     10920         0   24971     3026   10.006   3
nuclear14                   1562       576         0    1226      602   10.041   3
nuclear14a                   992       600         0     633      584   0.518   1
nuclear14b                  1568       600         0    1785      560   10.041   3
nuclear25                   1678       625         0    1303      628   10.068   3
nuclear25a                  1058       650         0     659      608   2.031   1
nuclear25b                  1683       650         0    1909      583   10.068   3
nuclear49                   5735      2401         0    3873     1374   10.007   3
nuclear49a                  3341      2450         0    1431     1332   5.75   1
nuclear49b                  5742      2450         0    6233     1283   10.007   3
nvs02                          8         0         5       3        4   7.756   1
nvs13                          5         0         5       5        6   3.321   1
nvs14                          8         0         5       3        4   6.872   1
nvs17                          7         0         7       7        8   10.009   3
nvs18                          6         0         6       6        7   10.006   3
nvs19                          8         0         8       8        9   10.015   3
nvs23                          9         0         9       9       10   10.008   3
nvs24                         10         0        10      10       11   10.027   3
pb302035                     600       600         0      50        1   1.018   1
pb302075                     600       600         0      50        1   1.246   1
pb302095                     600       600         0      50        1   1.545   1
pb351595                     525       525         0      50        1   2.274   1
portfol_robust100_09         403       101         0     306        2   10.012   3
portfol_robust200_03         803       201         0     606        2   10.033   3
portfol_shortfall050_68      204        51         0     157        2   10.011   3
portfol_shortfall100_04      404       101         0     307        2   10.009   3
portfol_shortfall200_05      804       201         0     607        2   10.012   3
qap                          225       225         0      30        1   7.82   1
qapw                         450       225         0     255        1   7.82   1
saa_2                       4407       400         0    6205     3800   10.386   3
sepasequ_complex             497        50         0    1310      131   5.12   1
sepasequ_convent             641        20         0    1128      221   3.03   1
space25                      893       750         0     235       25   2.054   1
space25a                     383       240         0     201       25   2.054   1
space960                    5537         0       960    6497      960   10.147   3
squfl010-025persp            510        10         0     525      250   2.588   1
squfl010-040persp            810        10         0     840      400   3.219   1
squfl010-080persp           1610        10         0    1680      800   10.061   3
squfl015-060persp           1815        15         0    1860      900   10.036   3
squfl015-080persp           2415        15         0    2480     1200   10.003   3
squfl020-040persp           1620        20         0    1640      800   10.037   3
squfl020-050persp           2020        20         0    2050     1000   10.002   3
squfl020-150persp           6020        20         0    6150     3000   10.003   3
squfl025-025persp           1275        25         0    1275      625   10.001   3
squfl025-030persp           1525        25         0    1530      750   10.007   3
squfl025-040persp           2025        25         0    2040     1000   10.017   3
squfl030-100persp           6030        30         0    6100     3000   10.012   3
squfl030-150persp           9030        30         0    9150     4500   10.058   3
squfl040-080persp           6440        40         0    6480     3200   10.004   3
sssd08-04persp                60        44         0      40       12   1.67   1
sssd12-05persp                95        75         0      52       15   10.011   3
sssd15-04persp                88        72         0      47       12   6.68   1
sssd15-06persp               132       108         0      63       18   10.009   3
sssd15-08persp               176       144         0      79       24   10.01   3
sssd16-07persp               161       133         0      72       21   10.007   3
sssd18-06persp               150       126         0      66       18   10.008   3
sssd18-08persp               200       168         0      82       24   10.007   3
sssd20-04persp               108        92         0      52       12   10.007   3
sssd20-08persp               216       184         0      84       24   10.008   3
sssd22-08persp               232       200         0      86       24   10.007   3
sssd25-04persp               128       112         0      57       12   10.007   3
sssd25-08persp               256       224         0      89       24   10.007   3
supplychain                   27         3         0      30        6   12.854   3
supplychainp1_022020        2940       460         0    5300        1   2.563   1
supplychainp1_053050       15320      1680         0   33190        1   10.14   3
supplychainr1_022020        1440       460         0    1840        1   1.089   1
supplychainr1_053050        5150      1680         0    6580        1   12.854   3
telecomsp_metro             4284      4200         0    5078     3528   28.561   3
telecomsp_njlata            5198      5152         0    3466     1058   11.461   3
telecomsp_nor_sun          31926     31824         0   21270     5202   43.777   3
telecomsp_pacbell           3570      3528         0    2940      882   23.773   3
tln12                        168        12       156      72       12   10.013   3
tln5                          35         5        30      30        5   1.953   4
tln6                          48         6        42      36        6   2.821   1
tln7                          63         7        56      42        7   10.008   3
transswitch0118p            1239       179         0    2479     1075   1.757   1
transswitch0300p            2778       408         0    5557     2449   10.013   3
transswitch2383wpp         19850      2886         0   39701    17316   10.182   3
transswitch2736spp         23410      3494         0   46821    20964   10.196   3
unitcommit2                  960       720         0    5329        1   10.021   3
uselinear                   6792        58         0    7030     5765   10.02   3
var_con10                    573        12         0     464      272   10.135   3
var_con5                     573        12         0     464      272   10.142   3
water4                       195       126         0     137       15   1.335   1
waternd_fossiron             907       754         0     326       58   10.012   3
waternd_fosspoly0            559       406         0     326       58   10.02   3
waternd_fosspoly1           1429      1276         0     326       58   10.013   3
waternd_hanoi                304       204         0     201       34   10.017   3
waternd_modena              5027      4121         0    1853      317   10.007   3
waternd_pescara             1556      1287         0     563       99   10.023   3
waternd_shamir               135       112         0      46        8   1.6   1
waterno1_04                  664        60         0     809      184   1.084   1
waterno1_06                 1002        90         0    1227      276   1.262   1
waterno1_09                 1509       135         0    1854      414   3.526   1
waterno1_12                 2016       180         0    2481      552   5.74   1
waterno1_18                 3030       270         0    3735      828   10.004   3
waterno1_24                 4044       360         0    4989     1104   10.014   3
waterno2_06                  996        54         0    1234      390   1.051   1
waterno2_09                 1494        81         0    1852      585   2.565   1
waterno2_12                 1992       108         0    2470      780   3.765   1
waterno2_18                 2988       162         0    3706     1170   10.001   3
waterno2_24                 3984       216         0    4942     1560   10.005   3
